122491
127053
128602
130564
132388
132757
132962
133405
134320
134361
134604
134708
134709
135231
135380
135434
135549
135597
135644
135674
135701
135714
135734
135744
135765
135778
135800
135834
135851
135854
135880
135883
135886
135895
135901
135949
135961
136039
136043
136065
136066
136072
136086
136103
136104
136120
136133
136141
136143
136167
136195
136265
136266
136299
136350
136386
136412
136438
136441
136448
136481
136541
136547
136548
136610
136624
136632
136646
136703
136713
136805
136813
136828
136854
136890
136891
136915
136931
136951
136988
136996
137017
137023
137024
137026
137040
137050
137072
137082
137210
137220
137244
137249
137263
137274
137297
137302
137306
137331
137367
137382
137395
137409
137434
137450
137455
137530
137533
137536
137560
137566
137567
137572
137598
137599
137622
137641
137648
137653
137677
137694
137705
137706
137713
137728
137776
137830
137833
137853
137860
137883
137885
137907
137916
137920
137941
137959
137966
137995
138002
138013
138015
138023
138029
138047
138051
138052
138072
138105
138112
138123
138139
138160
138198
138251
138260
138282
138305
138316
138332
138351
138367
138372
138380
138457
138464
138465
138467
138484
138489
138492
138515
138524
138541
138552
138553
138559
138564
138568
138569
138595
138621
138631
138634
138647
138663
138681
138685
138695
138718
138724
138726
138728
138745
138756
138765
138776
138803
138822
138876
138917
138923
138940
138947
138961
138962
138968
138982
138989
138993
138999
139053
139069
139071
139074
139075
139084
139087
139106
139113
139130
139228
139239
139244
139245
139247
139257
139272
139293
139318
139337
139345
139347
139357
139363
139365
139366
139379
139386
139397
139409
139463
139466
139470
139503
139518
139526
139607
139630
139668
139703
139729
139747
139774
139797
139798
139808
139821
139854
139882
139922
140034
140126
140163
140197
140199
140237
140301
140331
140463
140528
140622